kq5.l4b1            =          0.00415559105762993 ;
kq5.r4b1            =        -0.004732865200552043 ;
kq5.l4b2            =        -0.004217770735786231 ;
kq5.r4b2            =         0.005213399914144811 ;
kq6.l4b1            =        -0.004990642535171335 ;
kq6.r4b1            =         0.005610986364156289 ;
kq6.l4b2            =          0.00580866539943063 ;
kq6.r4b2            =        -0.006485319354668953 ;
kq7.l4b1            =         0.007254743779245959 ;
kq7.r4b1            =        -0.006895560833294875 ;
kq7.l4b2            =        -0.004960297265687678 ;
kq7.r4b2            =         0.006133044487749839 ;
kq8.l4b1            =        -0.005017105505360852 ;
kq8.r4b1            =         0.008273779372269571 ;
kq8.l4b2            =         0.008474456848603188 ;
kq8.r4b2            =        -0.006419246297064135 ;
kq9.l4b1            =         0.006830708108161648 ;
kq9.r4b1            =        -0.006041287078371546 ;
kq9.l4b2            =        -0.005061731004627318 ;
kq9.r4b2            =         0.005905154582215032 ;
kq10.l4b1           =          -0.0060851019042539 ;
kq10.r4b1           =         0.007088645936931534 ;
kq10.l4b2           =         0.007125114230514085 ;
kq10.r4b2           =         -0.00546865383440618 ;
kqtl11.l4b1         =        0.0005587903262324732 ;
kqtl11.r4b1         =          0.00263148007205492 ;
kqtl11.l4b2         =        0.0002162876227646052 ;
kqtl11.r4b2         =        0.0005815710612501742 ;
kqt12.l4b1          =        0.0008269056449904009 ;
kqt12.r4b1          =        -0.002961011368415803 ;
kqt12.l4b2          =         0.002226127695476808 ;
kqt12.r4b2          =          0.00357424992367249 ;
kqt13.l4b1          =         0.002380444427284142 ;
kqt13.r4b1          =         0.001845259902860602 ;
kqt13.l4b2          =        -0.003329403665614224 ;
kqt13.r4b2          =        -0.003747605840487203 ;
betxIP4b1 = 236.180258; betyIP4b1 = 306.196759; alfxIP4b1 =   0.446206; alfyIP4b1 =  -0.403407; dxIP4b1   =   0.000008; dpxIP4b1  =  -0.000000;
betxIP4b2 = 236.148473; betyIP4b2 = 320.924308; alfxIP4b2 =  -0.446562; alfyIP4b2 =   0.596012; dxIP4b2   =  -0.000037; dpxIP4b2  =  -0.000000;
muxIP4b1  =   2.117100; muyIP4b1  =   1.720000; muxIP4b1_L=   1.051169; muyIP4b1_L=   0.776036; muxIP4b1_R=   1.065931; muyIP4b1_R=   0.943964;
muxIP4b2  =   2.160000; muyIP4b2  =   1.720000; muxIP4b2_L=   1.161230; muyIP4b2_L=   0.771547; muxIP4b2_R=   0.998770; muyIP4b2_R=   0.948453;


