!***IR4 Optics***
kq5.l4b1            =         0.004097054345407218 ;
kq5.r4b1            =         -0.00553816580411712 ;
kq5.l4b2            =        -0.004223953249432993 ;
kq5.r4b2            =         0.004519687785353135 ;
kq6.l4b1            =        -0.004875555589384476 ;
kq6.r4b1            =         0.006226206423948237 ;
kq6.l4b2            =         0.005821306303883545 ;
kq6.r4b2            =        -0.006023874170851734 ;
kq7.l4b1            =         0.007183318106352207 ;
kq7.r4b1            =        -0.008469903295892622 ;
kq7.l4b2            =        -0.004822873433818807 ;
kq7.r4b2            =         0.006873052516417481 ;
kq8.l4b1            =        -0.004895048320620853 ;
kq8.r4b1            =         0.008375378135998793 ;
kq8.l4b2            =         0.008479907877760833 ;
kq8.r4b2            =        -0.007277556556431959 ;
kq9.l4b1            =         0.006815954556819889 ;
kq9.r4b1            =        -0.004903488436501242 ;
kq9.l4b2            =        -0.004989607958571753 ;
kq9.r4b2            =         0.006459994930723959 ;
kq10.l4b1           =        -0.005855125249593069 ;
kq10.r4b1           =         0.006995988099378203 ;
kq10.l4b2           =         0.007097669115590903 ;
kq10.r4b2           =        -0.005660012044118026 ;
kqtl11.l4b1         =        0.0004879148333092145 ;
kqtl11.r4b1         =          0.00190215485863345 ;
kqtl11.l4b2         =        0.0007131165229875068 ;
kqtl11.r4b2         =        0.0004813185422907343 ;
kqt12.l4b1          =        0.0006531908744446821 ;
kqt12.r4b1          =         -0.00073184173401821 ;
kqt12.l4b2          =         0.001974733322924425 ;
kqt12.r4b2          =         0.004256869770211199 ;
kqt13.l4b1          =         0.002643937699199043 ;
kqt13.r4b1          =         0.001580877723303374 ;
kqt13.l4b2          =         -0.00304121597406291 ;
kqt13.r4b2          =       -0.0005414038033133856 ;
betxIP4b1 = 236.180258; betyIP4b1 = 306.196759; alfxIP4b1 =   0.446206; alfyIP4b1 =  -0.403407;          dxIP4b1   =   0.000008; dpxIP4b1  =  -0.000000;
betxIP4b2 = 236.148473; betyIP4b2 = 320.924308; alfxIP4b2 =  -0.446562; alfyIP4b2 =   0.596012;          dxIP4b2   =  -0.000037; dpxIP4b2  =  -0.000000;
muxIP4b1  =   2.160000; muyIP4b1  =   1.720000; muxIP4b1_L=   1.048562; muyIP4b1_L=   0.741419;          muxIP4b1_R=   1.111438; muyIP4b1_R=   0.978581;
muxIP4b2  =   2.160000; muyIP4b2  =   1.720000; muxIP4b2_L=   1.163269; muyIP4b2_L=   0.749437;          muxIP4b2_R=   0.996731; muyIP4b2_R=   0.970563;


